% Graph saved at Fri Dec 03 2021 11:44:01 GMT+0100 (heure normale d’Europe centrale)
n 217 221 0
n 403 214 1
n 118 460 2
n 645 217 3
n 402 449 4
n 245 286 5
n 580 154 6
n 448 57 7
n 146 174 8
n 453 305 9
e 0 5 0 343
e 5 0 1 343
e 1 6 2 954
e 6 1 3 954
e 1 5 4 879
e 5 1 5 879
e 2 5 6 1054
e 5 2 7 1054
e 2 4 8 1364
e 4 2 9 1364
e 3 6 10 433
e 6 3 11 433
e 4 5 12 1106
e 5 4 13 1106
e 8 0 14 464
e 0 8 15 464
e 7 1 16 811
e 7 0 17 1435
e 0 7 18 1435
e 1 7 19 811
e 6 7 20 837
e 7 6 21 837
e 9 4 22 766
e 4 9 23 766
e 9 3 24 1053
e 3 9 25 1053
e 9 1 26 524
e 1 9 27 524